h1[1] = 0.95296
h1[2] = 0.04704
